batch[0] 원소 타입 : <class 'torch.Tensor'>, batch[0] 원소 값 : tensor([    2, 12579,  5735,  1462,  3579,  5706,  6216,     3,     0,     0,
            0,     0,     0,     0,     0,     0,     0,     0,     0,     0,
            0,     0,     0,     0,     0,     0,     0,     0,     0,     0,
            0,     0,     0,     0,     0,     0,     0,     0,     0,     0,
            0,     0,     0,     0,     0,     0,     0,     0,     0,     0],
       device='cuda:0')
batch[1] 원소 타입 : <class 'torch.Tensor'>, batch[1] 원소 값 : tensor([1, 1, 1, 1, 1, 1, 1, 1, 0, 0, 0, 0, 0, 0, 0, 0, 0, 0, 0, 0, 0, 0, 0, 0,
        0, 0, 0, 0, 0, 0, 0, 0, 0, 0, 0, 0, 0, 0, 0, 0, 0, 0, 0, 0, 0, 0, 0, 0,
        0, 0], device='cuda:0')
batch[3] 원소 타입 : <class 'torch.Tensor'>, batch[3] 원소 값 : 0
